/*--------------------------------*- C++ -*----------------------------------*\
| =========                 |                                                 |
| \\      /  F ield         | OpenFOAM: The Open Source CFD Toolbox           |
|  \\    /   O peration     | Version:  2412                                  |
|   \\  /    A nd           | Website:  www.openfoam.com                      |
|    \\/     M anipulation  |                                                 |
\*---------------------------------------------------------------------------*/
FoamFile
{
    version     2.0;
    format      binary;
    arch        "LSB;label=32;scalar=64";
    class       cellSet;
    location    "constant/polyMesh/sets";
    object      soc;
}
// * * * * * * * * * * * * * * * * * * * * * * * * * * * * * * * * * * * * * //


4824
(
311296
311297
311298
311299
311300
311301
311302
311303
311304
311305
311306
311307
311308
311309
311310
311311
311312
311313
311314
311315
311316
311317
311318
311319
311320
311321
311322
311323
311324
311325
311326
311327
311328
311329
311330
311331
311332
311333
311334
311335
311336
311337
311338
311339
311340
311341
311342
311343
311344
311345
311346
311347
306524
306525
306526
306527
306528
306529
306530
306531
306532
306533
306534
306535
306536
306537
306538
306539
306540
306541
306542
306543
306544
306545
306546
306547
306548
306549
306550
306551
306552
306553
306554
306555
306556
306557
306558
306559
306560
306561
306562
306563
306564
306565
306566
306567
306568
306569
306570
306571
306572
306573
306574
306575
306576
306577
306578
306579
306580
306581
306582
306583
306584
306585
306586
306587
306588
306589
306590
306591
306592
306593
306594
306595
306596
306597
306598
306599
306600
306601
306602
306603
306604
306605
306606
306607
306608
306609
306610
306611
306612
306613
306614
306615
306616
306617
306618
306619
306620
306621
306622
306623
306624
306625
306626
306627
306628
306629
306630
306631
306632
306633
306634
306635
306636
306637
306638
306639
306640
306641
306642
306643
306644
306645
306646
306647
306648
306649
306650
306651
306652
306653
306654
306655
306656
306657
306658
306659
306660
306661
306662
306663
306664
306665
306666
306667
306668
306669
306670
306671
306672
306673
306674
306675
306676
306677
306678
306679
306680
306681
306682
306683
306684
306685
306686
306687
306688
306689
306690
306691
306692
306693
306694
306695
306696
306697
306698
306699
306700
306701
306702
306703
306704
306705
306706
306707
306708
306709
306710
306711
306712
306713
306714
306715
306716
306717
306718
306719
306720
306721
306722
306723
306724
306725
306726
306727
306728
306729
306730
306731
306732
306733
306734
306735
306736
306737
306738
306739
306740
306741
306742
306743
306744
306745
306746
306747
306748
306749
306750
306751
306752
306753
306754
306755
306756
306757
306758
306759
306760
306761
306762
306763
306764
306765
306766
306767
306768
306769
306770
306771
306772
306773
306774
306775
306776
306777
306778
306779
306780
306781
306782
306783
306784
306785
306786
306787
306788
306789
306790
306791
306792
306793
306794
306795
306796
306797
306798
306799
306800
306801
306802
306803
306804
306805
306806
306807
306808
306809
306810
306811
306812
306813
306814
306815
306816
306817
306818
306819
306820
306821
306822
306823
306824
306825
306826
306827
306828
306829
306830
306831
306832
306833
306834
306835
306836
306837
306838
306839
306840
306841
306842
306843
306844
306845
306846
306847
306848
306849
306850
306851
306852
306853
306854
306855
306856
306857
306858
306859
306860
306861
306862
306863
306864
306865
306866
306867
306868
306869
306870
306871
306872
306873
306874
306875
306876
306877
306878
306879
306880
306881
306882
306883
306884
306885
306886
306887
306888
306889
306890
306891
306892
306893
306894
306895
306896
306897
306898
306899
306900
306901
306902
306903
306904
306905
306906
306907
306908
306909
306910
306911
306912
306913
306914
306915
306916
306917
306918
306919
306920
306921
306922
306923
306924
306925
306926
306927
306928
306929
306930
306931
306932
306933
306934
306935
306936
306937
306938
306939
306940
306941
306942
306943
306944
306945
306946
306947
306948
306949
306950
306951
306952
306953
306954
306955
306956
306957
306958
306959
306960
306961
306962
306963
306964
306965
306966
306967
306968
306969
306970
306971
306972
306973
306974
306975
306976
306977
306978
306979
306980
306981
306982
306983
306984
306985
306986
306987
306988
306989
306990
306991
306992
306993
306994
306995
306996
306997
306998
306999
307000
307001
307002
307003
307004
307005
307006
307007
307008
307009
307010
307011
307012
307013
307014
307015
307016
307017
307018
307019
307020
307021
307022
307023
307024
307025
307026
307027
307028
307029
307030
307031
307032
307033
307034
307035
307036
307037
307038
307039
307040
307041
307042
307043
307044
307045
307046
307047
307048
307049
307050
307051
307052
307053
307054
307055
307056
307057
307058
307059
307060
307061
307062
307063
307064
307065
307066
307067
307068
307069
307070
307071
307072
307073
307074
307075
307076
307077
307078
307079
307080
307081
307082
307083
307084
307085
307086
307087
307088
307089
307090
307091
307092
307093
307094
307095
307096
307097
307098
307099
307100
307101
307102
307103
307104
307105
307106
307107
307108
307109
307110
307111
307112
307113
307114
307115
307116
307117
307118
307119
307120
307121
307122
307123
307124
307125
307126
307127
307128
307129
307130
307131
307132
307133
307134
307135
307136
307137
307138
307139
307140
307141
307142
307143
307144
307145
307146
307147
307148
307149
307150
307151
307152
307153
307154
307155
307156
307157
307158
307159
307160
307161
307162
307163
307164
307165
307166
307167
307168
307169
307170
307171
307172
307173
307174
307175
307176
307177
307178
307179
307180
307181
307182
307183
307184
307185
307186
307187
307188
307189
307190
307191
307192
307193
307194
307195
307196
307197
307198
307199
307200
307201
307202
307203
307204
307205
307206
307207
307208
307209
307210
307211
307212
307213
307214
307215
307216
307217
307218
307219
307220
307221
307222
307223
307224
307225
307226
307227
307228
307229
307230
307231
307232
307233
307234
307235
307236
307237
307238
307239
307240
307241
307242
307243
307244
307245
307246
307247
307248
307249
307250
307251
307252
307253
307254
307255
307256
307257
307258
307259
307260
307261
307262
307263
307264
307265
307266
307267
307268
307269
307270
307271
307272
307273
307274
307275
307276
307277
307278
307279
307280
307281
307282
307283
307284
307285
307286
307287
307288
307289
307290
307291
307292
307293
307294
307295
307296
307297
307298
307299
307300
307301
307302
307303
307304
307305
307306
307307
307308
307309
307310
307311
307312
307313
307314
307315
307316
307317
307318
307319
307320
307321
307322
307323
307324
307325
307326
307327
307328
307329
307330
307331
307332
307333
307334
307335
307336
307337
307338
307339
307340
307341
307342
307343
307344
307345
307346
307347
307348
307349
307350
307351
307352
307353
307354
307355
307356
307357
307358
307359
307360
307361
307362
307363
307364
307365
307366
307367
307368
307369
307370
307371
307372
307373
307374
307375
307376
307377
307378
307379
307380
307381
307382
307383
307384
307385
307386
307387
307388
307389
307390
307391
307392
307393
307394
307395
307396
307397
307398
307399
307400
307401
307402
307403
307404
307405
307406
307407
307408
307409
307410
307411
307412
307413
307414
307415
307416
307417
307418
307419
307420
307421
307422
307423
307424
307425
307426
307427
307428
307429
307430
307431
307432
307433
307434
307435
307436
307437
307438
307439
307440
307441
307442
307443
307444
307445
307446
307447
307448
307449
307450
307451
307452
307453
307454
307455
307456
307457
307458
307459
307460
307461
307462
307463
307464
307465
307466
307467
307468
307469
307470
307471
307472
307473
307474
307475
307476
307477
307478
307479
307480
307481
307482
307483
307484
307485
307486
307487
307488
307489
307490
307491
307492
307493
307494
307495
307496
307497
307498
307499
307500
307501
307502
307503
307504
307505
307506
307507
307508
307509
307510
307511
307512
307513
307514
307515
307516
307517
307518
307519
307520
307521
307522
307523
307524
307525
307526
307527
307528
307529
307530
307531
307532
307533
307534
307535
307536
307537
307538
307539
307540
307541
307542
307543
307544
307545
307546
307547
307548
307549
307550
307551
307552
307553
307554
307555
307556
307557
307558
307559
307560
307561
307562
307563
307564
307565
307566
307567
307568
307569
307570
307571
307572
307573
307574
307575
307576
307577
307578
307579
307580
307581
307582
307583
307584
307585
307586
307587
307588
307589
307590
307591
307592
307593
307594
307595
307596
307597
307598
307599
307600
307601
307602
307603
307604
307605
307606
307607
307608
307609
307610
307611
307612
307613
307614
307615
307616
307617
307618
307619
307620
307621
307622
307623
307624
307625
307626
307627
307628
307629
307630
307631
307632
307633
307634
307635
307636
307637
307638
307639
307640
307641
307642
307643
307644
307645
307646
307647
307648
307649
307650
307651
307652
307653
307654
307655
307656
307657
307658
307659
307660
307661
307662
307663
307664
307665
307666
307667
307668
307669
307670
307671
307672
307673
307674
307675
307676
307677
307678
307679
307680
307681
307682
307683
307684
307685
307686
307687
307688
307689
307690
307691
307692
307693
307694
307695
307696
307697
307698
307699
307700
307701
307702
307703
307704
307705
307706
307707
307708
307709
307710
307711
307712
307713
307714
307715
307716
307717
307718
307719
307720
307721
307722
307723
307724
307725
307726
307727
307728
307729
307730
307731
307732
307733
307734
307735
307736
307737
307738
307739
307740
307741
307742
307743
307744
307745
307746
307747
307748
307749
307750
307751
307752
307753
307754
307755
307756
307757
307758
307759
307760
307761
307762
307763
307764
307765
307766
307767
307768
307769
307770
307771
307772
307773
307774
307775
307776
307777
307778
307779
307780
307781
307782
307783
307784
307785
307786
307787
307788
307789
307790
307791
307792
307793
307794
307795
307796
307797
307798
307799
307800
307801
307802
307803
307804
307805
307806
307807
307808
307809
307810
307811
307812
307813
307814
307815
307816
307817
307818
307819
307820
307821
307822
307823
307824
307825
307826
307827
307828
307829
307830
307831
307832
307833
307834
307835
307836
307837
307838
307839
307840
307841
307842
307843
307844
307845
307846
307847
307848
307849
307850
307851
307852
307853
307854
307855
307856
307857
307858
307859
307860
307861
307862
307863
307864
307865
307866
307867
307868
307869
307870
307871
307872
307873
307874
307875
307876
307877
307878
307879
307880
307881
307882
307883
307884
307885
307886
307887
307888
307889
307890
307891
307892
307893
307894
307895
307896
307897
307898
307899
307900
307901
307902
307903
307904
307905
307906
307907
307908
307909
307910
307911
307912
307913
307914
307915
307916
307917
307918
307919
307920
307921
307922
307923
307924
307925
307926
307927
307928
307929
307930
307931
307932
307933
307934
307935
307936
307937
307938
307939
307940
307941
307942
307943
307944
307945
307946
307947
307948
307949
307950
307951
307952
307953
307954
307955
307956
307957
307958
307959
307960
307961
307962
307963
307964
307965
307966
307967
307968
307969
307970
307971
307972
307973
307974
307975
307976
307977
307978
307979
307980
307981
307982
307983
307984
307985
307986
307987
307988
307989
307990
307991
307992
307993
307994
307995
307996
307997
307998
307999
308000
308001
308002
308003
308004
308005
308006
308007
308008
308009
308010
308011
308012
308013
308014
308015
308016
308017
308018
308019
308020
308021
308022
308023
308024
308025
308026
308027
308028
308029
308030
308031
308032
308033
308034
308035
308036
308037
308038
308039
308040
308041
308042
308043
308044
308045
308046
308047
308048
308049
308050
308051
308052
308053
308054
308055
308056
308057
308058
308059
308060
308061
308062
308063
308064
308065
308066
308067
308068
308069
308070
308071
308072
308073
308074
308075
308076
308077
308078
308079
308080
308081
308082
308083
308084
308085
308086
308087
308088
308089
308090
308091
308092
308093
308094
308095
308096
308097
308098
308099
308100
308101
308102
308103
308104
308105
308106
308107
308108
308109
308110
308111
308112
308113
308114
308115
308116
308117
308118
308119
308120
308121
308122
308123
308124
308125
308126
308127
308128
308129
308130
308131
308132
308133
308134
308135
308136
308137
308138
308139
308140
308141
308142
308143
308144
308145
308146
308147
308148
308149
308150
308151
308152
308153
308154
308155
308156
308157
308158
308159
308160
308161
308162
308163
308164
308165
308166
308167
308168
308169
308170
308171
308172
308173
308174
308175
308176
308177
308178
308179
308180
308181
308182
308183
308184
308185
308186
308187
308188
308189
308190
308191
308192
308193
308194
308195
308196
308197
308198
308199
308200
308201
308202
308203
308204
308205
308206
308207
308208
308209
308210
308211
308212
308213
308214
308215
308216
308217
308218
308219
308220
308221
308222
308223
308224
308225
308226
308227
308228
308229
308230
308231
308232
308233
308234
308235
308236
308237
308238
308239
308240
308241
308242
308243
308244
308245
308246
308247
308248
308249
308250
308251
308252
308253
308254
308255
308256
308257
308258
308259
308260
308261
308262
308263
308264
308265
308266
308267
308268
308269
308270
308271
308272
308273
308274
308275
308276
308277
308278
308279
308280
308281
308282
308283
308284
308285
308286
308287
308288
308289
308290
308291
308292
308293
308294
308295
308296
308297
308298
308299
308300
308301
308302
308303
308304
308305
308306
308307
308308
308309
308310
308311
308312
308313
308314
308315
308316
308317
308318
308319
308320
308321
308322
308323
308324
308325
308326
308327
308328
308329
308330
308331
308332
308333
308334
308335
308336
308337
308338
308339
308340
308341
308342
308343
308344
308345
308346
308347
308348
308349
308350
308351
308352
308353
308354
308355
308356
308357
308358
308359
308360
308361
308362
308363
308364
308365
308366
308367
308368
308369
308370
308371
308372
308373
308374
308375
308376
308377
308378
308379
308380
308381
308382
308383
308384
308385
308386
308387
308388
308389
308390
308391
308392
308393
308394
308395
308396
308397
308398
308399
308400
308401
308402
308403
308404
308405
308406
308407
308408
308409
308410
308411
308412
308413
308414
308415
308416
308417
308418
308419
308420
308421
308422
308423
308424
308425
308426
308427
308428
308429
308430
308431
308432
308433
308434
308435
308436
308437
308438
308439
308440
308441
308442
308443
308444
308445
308446
308447
308448
308449
308450
308451
308452
308453
308454
308455
308456
308457
308458
308459
308460
308461
308462
308463
308464
308465
308466
308467
308468
308469
308470
308471
308472
308473
308474
308475
308476
308477
308478
308479
308480
308481
308482
308483
308484
308485
308486
308487
308488
308489
308490
308491
308492
308493
308494
308495
308496
308497
308498
308499
308500
308501
308502
308503
308504
308505
308506
308507
308508
308509
308510
308511
308512
308513
308514
308515
308516
308517
308518
308519
308520
308521
308522
308523
308524
308525
308526
308527
308528
308529
308530
308531
308532
308533
308534
308535
308536
308537
308538
308539
308540
308541
308542
308543
308544
308545
308546
308547
308548
308549
308550
308551
308552
308553
308554
308555
308556
308557
308558
308559
308560
308561
308562
308563
308564
308565
308566
308567
308568
308569
308570
308571
308572
308573
308574
308575
308576
308577
308578
308579
308580
308581
308582
308583
308584
308585
308586
308587
308588
308589
308590
308591
308592
308593
308594
308595
308596
308597
308598
308599
308600
308601
308602
308603
308604
308605
308606
308607
308608
308609
308610
308611
308612
308613
308614
308615
308616
308617
308618
308619
308620
308621
308622
308623
308624
308625
308626
308627
308628
308629
308630
308631
308632
308633
308634
308635
308636
308637
308638
308639
308640
308641
308642
308643
308644
308645
308646
308647
308648
308649
308650
308651
308652
308653
308654
308655
308656
308657
308658
308659
308660
308661
308662
308663
308664
308665
308666
308667
308668
308669
308670
308671
308672
308673
308674
308675
308676
308677
308678
308679
308680
308681
308682
308683
308684
308685
308686
308687
308688
308689
308690
308691
308692
308693
308694
308695
308696
308697
308698
308699
308700
308701
308702
308703
308704
308705
308706
308707
308708
308709
308710
308711
308712
308713
308714
308715
308716
308717
308718
308719
308720
308721
308722
308723
308724
308725
308726
308727
308728
308729
308730
308731
308732
308733
308734
308735
308736
308737
308738
308739
308740
308741
308742
308743
308744
308745
308746
308747
308748
308749
308750
308751
308752
308753
308754
308755
308756
308757
308758
308759
308760
308761
308762
308763
308764
308765
308766
308767
308768
308769
308770
308771
308772
308773
308774
308775
308776
308777
308778
308779
308780
308781
308782
308783
308784
308785
308786
308787
308788
308789
308790
308791
308792
308793
308794
308795
308796
308797
308798
308799
308800
308801
308802
308803
308804
308805
308806
308807
308808
308809
308810
308811
308812
308813
308814
308815
308816
308817
308818
308819
308820
308821
308822
308823
308824
308825
308826
308827
308828
308829
308830
308831
308832
308833
308834
308835
308836
308837
308838
308839
308840
308841
308842
308843
308844
308845
308846
308847
308848
308849
308850
308851
308852
308853
308854
308855
308856
308857
308858
308859
308860
308861
308862
308863
308864
308865
308866
308867
308868
308869
308870
308871
308872
308873
308874
308875
308876
308877
308878
308879
308880
308881
308882
308883
308884
308885
308886
308887
308888
308889
308890
308891
308892
308893
308894
308895
308896
308897
308898
308899
308900
308901
308902
308903
308904
308905
308906
308907
308908
308909
308910
308911
308912
308913
308914
308915
308916
308917
308918
308919
308920
308921
308922
308923
308924
308925
308926
308927
308928
308929
308930
308931
308932
308933
308934
308935
308936
308937
308938
308939
308940
308941
308942
308943
308944
308945
308946
308947
308948
308949
308950
308951
308952
308953
308954
308955
308956
308957
308958
308959
308960
308961
308962
308963
308964
308965
308966
308967
308968
308969
308970
308971
308972
308973
308974
308975
308976
308977
308978
308979
308980
308981
308982
308983
308984
308985
308986
308987
308988
308989
308990
308991
308992
308993
308994
308995
308996
308997
308998
308999
309000
309001
309002
309003
309004
309005
309006
309007
309008
309009
309010
309011
309012
309013
309014
309015
309016
309017
309018
309019
309020
309021
309022
309023
309024
309025
309026
309027
309028
309029
309030
309031
309032
309033
309034
309035
309036
309037
309038
309039
309040
309041
309042
309043
309044
309045
309046
309047
309048
309049
309050
309051
309052
309053
309054
309055
309056
309057
309058
309059
309060
309061
309062
309063
309064
309065
309066
309067
309068
309069
309070
309071
309072
309073
309074
309075
309076
309077
309078
309079
309080
309081
309082
309083
309084
309085
309086
309087
309088
309089
309090
309091
309092
309093
309094
309095
309096
309097
309098
309099
309100
309101
309102
309103
309104
309105
309106
309107
309108
309109
309110
309111
309112
309113
309114
309115
309116
309117
309118
309119
309120
309121
309122
309123
309124
309125
309126
309127
309128
309129
309130
309131
309132
309133
309134
309135
309136
309137
309138
309139
309140
309141
309142
309143
309144
309145
309146
309147
309148
309149
309150
309151
309152
309153
309154
309155
309156
309157
309158
309159
309160
309161
309162
309163
309164
309165
309166
309167
309168
309169
309170
309171
309172
309173
309174
309175
309176
309177
309178
309179
309180
309181
309182
309183
309184
309185
309186
309187
309188
309189
309190
309191
309192
309193
309194
309195
309196
309197
309198
309199
309200
309201
309202
309203
309204
309205
309206
309207
309208
309209
309210
309211
309212
309213
309214
309215
309216
309217
309218
309219
309220
309221
309222
309223
309224
309225
309226
309227
309228
309229
309230
309231
309232
309233
309234
309235
309236
309237
309238
309239
309240
309241
309242
309243
309244
309245
309246
309247
309248
309249
309250
309251
309252
309253
309254
309255
309256
309257
309258
309259
309260
309261
309262
309263
309264
309265
309266
309267
309268
309269
309270
309271
309272
309273
309274
309275
309276
309277
309278
309279
309280
309281
309282
309283
309284
309285
309286
309287
309288
309289
309290
309291
309292
309293
309294
309295
309296
309297
309298
309299
309300
309301
309302
309303
309304
309305
309306
309307
309308
309309
309310
309311
309312
309313
309314
309315
309316
309317
309318
309319
309320
309321
309322
309323
309324
309325
309326
309327
309328
309329
309330
309331
309332
309333
309334
309335
309336
309337
309338
309339
309340
309341
309342
309343
309344
309345
309346
309347
309348
309349
309350
309351
309352
309353
309354
309355
309356
309357
309358
309359
309360
309361
309362
309363
309364
309365
309366
309367
309368
309369
309370
309371
309372
309373
309374
309375
309376
309377
309378
309379
309380
309381
309382
309383
309384
309385
309386
309387
309388
309389
309390
309391
309392
309393
309394
309395
309396
309397
309398
309399
309400
309401
309402
309403
309404
309405
309406
309407
309408
309409
309410
309411
309412
309413
309414
309415
309416
309417
309418
309419
309420
309421
309422
309423
309424
309425
309426
309427
309428
309429
309430
309431
309432
309433
309434
309435
309436
309437
309438
309439
309440
309441
309442
309443
309444
309445
309446
309447
309448
309449
309450
309451
309452
309453
309454
309455
309456
309457
309458
309459
309460
309461
309462
309463
309464
309465
309466
309467
309468
309469
309470
309471
309472
309473
309474
309475
309476
309477
309478
309479
309480
309481
309482
309483
309484
309485
309486
309487
309488
309489
309490
309491
309492
309493
309494
309495
309496
309497
309498
309499
309500
309501
309502
309503
309504
309505
309506
309507
309508
309509
309510
309511
309512
309513
309514
309515
309516
309517
309518
309519
309520
309521
309522
309523
309524
309525
309526
309527
309528
309529
309530
309531
309532
309533
309534
309535
309536
309537
309538
309539
309540
309541
309542
309543
309544
309545
309546
309547
309548
309549
309550
309551
309552
309553
309554
309555
309556
309557
309558
309559
309560
309561
309562
309563
309564
309565
309566
309567
309568
309569
309570
309571
309572
309573
309574
309575
309576
309577
309578
309579
309580
309581
309582
309583
309584
309585
309586
309587
309588
309589
309590
309591
309592
309593
309594
309595
309596
309597
309598
309599
309600
309601
309602
309603
309604
309605
309606
309607
309608
309609
309610
309611
309612
309613
309614
309615
309616
309617
309618
309619
309620
309621
309622
309623
309624
309625
309626
309627
309628
309629
309630
309631
309632
309633
309634
309635
309636
309637
309638
309639
309640
309641
309642
309643
309644
309645
309646
309647
309648
309649
309650
309651
309652
309653
309654
309655
309656
309657
309658
309659
309660
309661
309662
309663
309664
309665
309666
309667
309668
309669
309670
309671
309672
309673
309674
309675
309676
309677
309678
309679
309680
309681
309682
309683
309684
309685
309686
309687
309688
309689
309690
309691
309692
309693
309694
309695
309696
309697
309698
309699
309700
309701
309702
309703
309704
309705
309706
309707
309708
309709
309710
309711
309712
309713
309714
309715
309716
309717
309718
309719
309720
309721
309722
309723
309724
309725
309726
309727
309728
309729
309730
309731
309732
309733
309734
309735
309736
309737
309738
309739
309740
309741
309742
309743
309744
309745
309746
309747
309748
309749
309750
309751
309752
309753
309754
309755
309756
309757
309758
309759
309760
309761
309762
309763
309764
309765
309766
309767
309768
309769
309770
309771
309772
309773
309774
309775
309776
309777
309778
309779
309780
309781
309782
309783
309784
309785
309786
309787
309788
309789
309790
309791
309792
309793
309794
309795
309796
309797
309798
309799
309800
309801
309802
309803
309804
309805
309806
309807
309808
309809
309810
309811
309812
309813
309814
309815
309816
309817
309818
309819
309820
309821
309822
309823
309824
309825
309826
309827
309828
309829
309830
309831
309832
309833
309834
309835
309836
309837
309838
309839
309840
309841
309842
309843
309844
309845
309846
309847
309848
309849
309850
309851
309852
309853
309854
309855
309856
309857
309858
309859
309860
309861
309862
309863
309864
309865
309866
309867
309868
309869
309870
309871
309872
309873
309874
309875
309876
309877
309878
309879
309880
309881
309882
309883
309884
309885
309886
309887
309888
309889
309890
309891
309892
309893
309894
309895
309896
309897
309898
309899
309900
309901
309902
309903
309904
309905
309906
309907
309908
309909
309910
309911
309912
309913
309914
309915
309916
309917
309918
309919
309920
309921
309922
309923
309924
309925
309926
309927
309928
309929
309930
309931
309932
309933
309934
309935
309936
309937
309938
309939
309940
309941
309942
309943
309944
309945
309946
309947
309948
309949
309950
309951
309952
309953
309954
309955
309956
309957
309958
309959
309960
309961
309962
309963
309964
309965
309966
309967
309968
309969
309970
309971
309972
309973
309974
309975
309976
309977
309978
309979
309980
309981
309982
309983
309984
309985
309986
309987
309988
309989
309990
309991
309992
309993
309994
309995
309996
309997
309998
309999
310000
310001
310002
310003
310004
310005
310006
310007
310008
310009
310010
310011
310012
310013
310014
310015
310016
310017
310018
310019
310020
310021
310022
310023
310024
310025
310026
310027
310028
310029
310030
310031
310032
310033
310034
310035
310036
310037
310038
310039
310040
310041
310042
310043
310044
310045
310046
310047
310048
310049
310050
310051
310052
310053
310054
310055
310056
310057
310058
310059
310060
310061
310062
310063
310064
310065
310066
310067
310068
310069
310070
310071
310072
310073
310074
310075
310076
310077
310078
310079
310080
310081
310082
310083
310084
310085
310086
310087
310088
310089
310090
310091
310092
310093
310094
310095
310096
310097
310098
310099
310100
310101
310102
310103
310104
310105
310106
310107
310108
310109
310110
310111
310112
310113
310114
310115
310116
310117
310118
310119
310120
310121
310122
310123
310124
310125
310126
310127
310128
310129
310130
310131
310132
310133
310134
310135
310136
310137
310138
310139
310140
310141
310142
310143
310144
310145
310146
310147
310148
310149
310150
310151
310152
310153
310154
310155
310156
310157
310158
310159
310160
310161
310162
310163
310164
310165
310166
310167
310168
310169
310170
310171
310172
310173
310174
310175
310176
310177
310178
310179
310180
310181
310182
310183
310184
310185
310186
310187
310188
310189
310190
310191
310192
310193
310194
310195
310196
310197
310198
310199
310200
310201
310202
310203
310204
310205
310206
310207
310208
310209
310210
310211
310212
310213
310214
310215
310216
310217
310218
310219
310220
310221
310222
310223
310224
310225
310226
310227
310228
310229
310230
310231
310232
310233
310234
310235
310236
310237
310238
310239
310240
310241
310242
310243
310244
310245
310246
310247
310248
310249
310250
310251
310252
310253
310254
310255
310256
310257
310258
310259
310260
310261
310262
310263
310264
310265
310266
310267
310268
310269
310270
310271
310272
310273
310274
310275
310276
310277
310278
310279
310280
310281
310282
310283
310284
310285
310286
310287
310288
310289
310290
310291
310292
310293
310294
310295
310296
310297
310298
310299
310300
310301
310302
310303
310304
310305
310306
310307
310308
310309
310310
310311
310312
310313
310314
310315
310316
310317
310318
310319
310320
310321
310322
310323
310324
310325
310326
310327
310328
310329
310330
310331
310332
310333
310334
310335
310336
310337
310338
310339
310340
310341
310342
310343
310344
310345
310346
310347
310348
310349
310350
310351
310352
310353
310354
310355
310356
310357
310358
310359
310360
310361
310362
310363
310364
310365
310366
310367
310368
310369
310370
310371
310372
310373
310374
310375
310376
310377
310378
310379
310380
310381
310382
310383
310384
310385
310386
310387
310388
310389
310390
310391
310392
310393
310394
310395
310396
310397
310398
310399
310400
310401
310402
310403
310404
310405
310406
310407
310408
310409
310410
310411
310412
310413
310414
310415
310416
310417
310418
310419
310420
310421
310422
310423
310424
310425
310426
310427
310428
310429
310430
310431
310432
310433
310434
310435
310436
310437
310438
310439
310440
310441
310442
310443
310444
310445
310446
310447
310448
310449
310450
310451
310452
310453
310454
310455
310456
310457
310458
310459
310460
310461
310462
310463
310464
310465
310466
310467
310468
310469
310470
310471
310472
310473
310474
310475
310476
310477
310478
310479
310480
310481
310482
310483
310484
310485
310486
310487
310488
310489
310490
310491
310492
310493
310494
310495
310496
310497
310498
310499
310500
310501
310502
310503
310504
310505
310506
310507
310508
310509
310510
310511
310512
310513
310514
310515
310516
310517
310518
310519
310520
310521
310522
310523
310524
310525
310526
310527
310528
310529
310530
310531
310532
310533
310534
310535
310536
310537
310538
310539
310540
310541
310542
310543
310544
310545
310546
310547
310548
310549
310550
310551
310552
310553
310554
310555
310556
310557
310558
310559
310560
310561
310562
310563
310564
310565
310566
310567
310568
310569
310570
310571
310572
310573
310574
310575
310576
310577
310578
310579
310580
310581
310582
310583
310584
310585
310586
310587
310588
310589
310590
310591
310592
310593
310594
310595
310596
310597
310598
310599
310600
310601
310602
310603
310604
310605
310606
310607
310608
310609
310610
310611
310612
310613
310614
310615
310616
310617
310618
310619
310620
310621
310622
310623
310624
310625
310626
310627
310628
310629
310630
310631
310632
310633
310634
310635
310636
310637
310638
310639
310640
310641
310642
310643
310644
310645
310646
310647
310648
310649
310650
310651
310652
310653
310654
310655
310656
310657
310658
310659
310660
310661
310662
310663
310664
310665
310666
310667
310668
310669
310670
310671
310672
310673
310674
310675
310676
310677
310678
310679
310680
310681
310682
310683
310684
310685
310686
310687
310688
310689
310690
310691
310692
310693
310694
310695
310696
310697
310698
310699
310700
310701
310702
310703
310704
310705
310706
310707
310708
310709
310710
310711
310712
310713
310714
310715
310716
310717
310718
310719
310720
310721
310722
310723
310724
310725
310726
310727
310728
310729
310730
310731
310732
310733
310734
310735
310736
310737
310738
310739
310740
310741
310742
310743
310744
310745
310746
310747
310748
310749
310750
310751
310752
310753
310754
310755
310756
310757
310758
310759
310760
310761
310762
310763
310764
310765
310766
310767
310768
310769
310770
310771
310772
310773
310774
310775
310776
310777
310778
310779
310780
310781
310782
310783
310784
310785
310786
310787
310788
310789
310790
310791
310792
310793
310794
310795
310796
310797
310798
310799
310800
310801
310802
310803
310804
310805
310806
310807
310808
310809
310810
310811
310812
310813
310814
310815
310816
310817
310818
310819
310820
310821
310822
310823
310824
310825
310826
310827
310828
310829
310830
310831
310832
310833
310834
310835
310836
310837
310838
310839
310840
310841
310842
310843
310844
310845
310846
310847
310848
310849
310850
310851
310852
310853
310854
310855
310856
310857
310858
310859
310860
310861
310862
310863
310864
310865
310866
310867
310868
310869
310870
310871
310872
310873
310874
310875
310876
310877
310878
310879
310880
310881
310882
310883
310884
310885
310886
310887
310888
310889
310890
310891
310892
310893
310894
310895
310896
310897
310898
310899
310900
310901
310902
310903
310904
310905
310906
310907
310908
310909
310910
310911
310912
310913
310914
310915
310916
310917
310918
310919
310920
310921
310922
310923
310924
310925
310926
310927
310928
310929
310930
310931
310932
310933
310934
310935
310936
310937
310938
310939
310940
310941
310942
310943
310944
310945
310946
310947
310948
310949
310950
310951
310952
310953
310954
310955
310956
310957
310958
310959
310960
310961
310962
310963
310964
310965
310966
310967
310968
310969
310970
310971
310972
310973
310974
310975
310976
310977
310978
310979
310980
310981
310982
310983
310984
310985
310986
310987
310988
310989
310990
310991
310992
310993
310994
310995
310996
310997
310998
310999
311000
311001
311002
311003
311004
311005
311006
311007
311008
311009
311010
311011
311012
311013
311014
311015
311016
311017
311018
311019
311020
311021
311022
311023
311024
311025
311026
311027
311028
311029
311030
311031
311032
311033
311034
311035
311036
311037
311038
311039
311040
311041
311042
311043
311044
311045
311046
311047
311048
311049
311050
311051
311052
311053
311054
311055
311056
311057
311058
311059
311060
311061
311062
311063
311064
311065
311066
311067
311068
311069
311070
311071
311072
311073
311074
311075
311076
311077
311078
311079
311080
311081
311082
311083
311084
311085
311086
311087
311088
311089
311090
311091
311092
311093
311094
311095
311096
311097
311098
311099
311100
311101
311102
311103
311104
311105
311106
311107
311108
311109
311110
311111
311112
311113
311114
311115
311116
311117
311118
311119
311120
311121
311122
311123
311124
311125
311126
311127
311128
311129
311130
311131
311132
311133
311134
311135
311136
311137
311138
311139
311140
311141
311142
311143
311144
311145
311146
311147
311148
311149
311150
311151
311152
311153
311154
311155
311156
311157
311158
311159
311160
311161
311162
311163
311164
311165
311166
311167
311168
311169
311170
311171
311172
311173
311174
311175
311176
311177
311178
311179
311180
311181
311182
311183
311184
311185
311186
311187
311188
311189
311190
311191
311192
311193
311194
311195
311196
311197
311198
311199
311200
311201
311202
311203
311204
311205
311206
311207
311208
311209
311210
311211
311212
311213
311214
311215
311216
311217
311218
311219
311220
311221
311222
311223
311224
311225
311226
311227
311228
311229
311230
311231
311232
311233
311234
311235
311236
311237
311238
311239
311240
311241
311242
311243
311244
311245
311246
311247
311248
311249
311250
311251
311252
311253
311254
311255
311256
311257
311258
311259
311260
311261
311262
311263
311264
311265
311266
311267
311268
311269
311270
311271
311272
311273
311274
311275
311276
311277
311278
311279
311280
311281
311282
311283
311284
311285
311286
311287
311288
311289
311290
311291
311292
311293
311294
311295
)


// ************************************************************************* //
