/*--------------------------------*- C++ -*----------------------------------*\
| =========                 |                                                 |
| \\      /  F ield         | OpenFOAM: The Open Source CFD Toolbox           |
|  \\    /   O peration     | Version:  2412                                  |
|   \\  /    A nd           | Website:  www.openfoam.com                      |
|    \\/     M anipulation  |                                                 |
\*---------------------------------------------------------------------------*/
FoamFile
{
    version     2.0;
    format      binary;
    arch        "LSB;label=32;scalar=64";
    class       cellSet;
    location    "constant/polyMesh/sets";
    object      thermalpad;
}
// * * * * * * * * * * * * * * * * * * * * * * * * * * * * * * * * * * * * * //


2183
(
304341
304342
304343
304344
304345
304346
304347
304348
304349
304350
304351
304352
304353
304354
304355
304356
304357
304358
304359
304360
304361
304362
304363
304364
304365
304366
304367
304368
304369
304370
304371
304372
304373
304374
304375
304376
304377
304378
304379
304380
304381
304382
304383
304384
304385
304386
304387
304388
304389
304390
304391
304392
304393
304394
304395
304396
304397
304398
304399
304400
304401
304402
304403
304404
304405
304406
304407
304408
304409
304410
304411
304412
304413
304414
304415
304416
304417
304418
304419
304420
304421
304422
304423
304424
304425
304426
304427
304428
304429
304430
304431
304432
304433
304434
304435
304436
304437
304438
304439
304440
304441
304442
304443
304444
304445
304446
304447
304448
304449
304450
304451
304452
304453
304454
304455
304456
304457
304458
304459
304460
304461
304462
304463
304464
304465
304466
304467
304468
304469
304470
304471
304472
304473
304474
304475
304476
304477
304478
304479
304480
304481
304482
304483
304484
304485
304486
304487
304488
304489
304490
304491
304492
304493
304494
304495
304496
304497
304498
304499
304500
304501
304502
304503
304504
304505
304506
304507
304508
304509
304510
304511
304512
304513
304514
304515
304516
304517
304518
304519
304520
304521
304522
304523
304524
304525
304526
304527
304528
304529
304530
304531
304532
304533
304534
304535
304536
304537
304538
304539
304540
304541
304542
304543
304544
304545
304546
304547
304548
304549
304550
304551
304552
304553
304554
304555
304556
304557
304558
304559
304560
304561
304562
304563
304564
304565
304566
304567
304568
304569
304570
304571
304572
304573
304574
304575
304576
304577
304578
304579
304580
304581
304582
304583
304584
304585
304586
304587
304588
304589
304590
304591
304592
304593
304594
304595
304596
304597
304598
304599
304600
304601
304602
304603
304604
304605
304606
304607
304608
304609
304610
304611
304612
304613
304614
304615
304616
304617
304618
304619
304620
304621
304622
304623
304624
304625
304626
304627
304628
304629
304630
304631
304632
304633
304634
304635
304636
304637
304638
304639
304640
304641
304642
304643
304644
304645
304646
304647
304648
304649
304650
304651
304652
304653
304654
304655
304656
304657
304658
304659
304660
304661
304662
304663
304664
304665
304666
304667
304668
304669
304670
304671
304672
304673
304674
304675
304676
304677
304678
304679
304680
304681
304682
304683
304684
304685
304686
304687
304688
304689
304690
304691
304692
304693
304694
304695
304696
304697
304698
304699
304700
304701
304702
304703
304704
304705
304706
304707
304708
304709
304710
304711
304712
304713
304714
304715
304716
304717
304718
304719
304720
304721
304722
304723
304724
304725
304726
304727
304728
304729
304730
304731
304732
304733
304734
304735
304736
304737
304738
304739
304740
304741
304742
304743
304744
304745
304746
304747
304748
304749
304750
304751
304752
304753
304754
304755
304756
304757
304758
304759
304760
304761
304762
304763
304764
304765
304766
304767
304768
304769
304770
304771
304772
304773
304774
304775
304776
304777
304778
304779
304780
304781
304782
304783
304784
304785
304786
304787
304788
304789
304790
304791
304792
304793
304794
304795
304796
304797
304798
304799
304800
304801
304802
304803
304804
304805
304806
304807
304808
304809
304810
304811
304812
304813
304814
304815
304816
304817
304818
304819
304820
304821
304822
304823
304824
304825
304826
304827
304828
304829
304830
304831
304832
304833
304834
304835
304836
304837
304838
304839
304840
304841
304842
304843
304844
304845
304846
304847
304848
304849
304850
304851
304852
304853
304854
304855
304856
304857
304858
304859
304860
304861
304862
304863
304864
304865
304866
304867
304868
304869
304870
304871
304872
304873
304874
304875
304876
304877
304878
304879
304880
304881
304882
304883
304884
304885
304886
304887
304888
304889
304890
304891
304892
304893
304894
304895
304896
304897
304898
304899
304900
304901
304902
304903
304904
304905
304906
304907
304908
304909
304910
304911
304912
304913
304914
304915
304916
304917
304918
304919
304920
304921
304922
304923
304924
304925
304926
304927
304928
304929
304930
304931
304932
304933
304934
304935
304936
304937
304938
304939
304940
304941
304942
304943
304944
304945
304946
304947
304948
304949
304950
304951
304952
304953
304954
304955
304956
304957
304958
304959
304960
304961
304962
304963
304964
304965
304966
304967
304968
304969
304970
304971
304972
304973
304974
304975
304976
304977
304978
304979
304980
304981
304982
304983
304984
304985
304986
304987
304988
304989
304990
304991
304992
304993
304994
304995
304996
304997
304998
304999
305000
305001
305002
305003
305004
305005
305006
305007
305008
305009
305010
305011
305012
305013
305014
305015
305016
305017
305018
305019
305020
305021
305022
305023
305024
305025
305026
305027
305028
305029
305030
305031
305032
305033
305034
305035
305036
305037
305038
305039
305040
305041
305042
305043
305044
305045
305046
305047
305048
305049
305050
305051
305052
305053
305054
305055
305056
305057
305058
305059
305060
305061
305062
305063
305064
305065
305066
305067
305068
305069
305070
305071
305072
305073
305074
305075
305076
305077
305078
305079
305080
305081
305082
305083
305084
305085
305086
305087
305088
305089
305090
305091
305092
305093
305094
305095
305096
305097
305098
305099
305100
305101
305102
305103
305104
305105
305106
305107
305108
305109
305110
305111
305112
305113
305114
305115
305116
305117
305118
305119
305120
305121
305122
305123
305124
305125
305126
305127
305128
305129
305130
305131
305132
305133
305134
305135
305136
305137
305138
305139
305140
305141
305142
305143
305144
305145
305146
305147
305148
305149
305150
305151
305152
305153
305154
305155
305156
305157
305158
305159
305160
305161
305162
305163
305164
305165
305166
305167
305168
305169
305170
305171
305172
305173
305174
305175
305176
305177
305178
305179
305180
305181
305182
305183
305184
305185
305186
305187
305188
305189
305190
305191
305192
305193
305194
305195
305196
305197
305198
305199
305200
305201
305202
305203
305204
305205
305206
305207
305208
305209
305210
305211
305212
305213
305214
305215
305216
305217
305218
305219
305220
305221
305222
305223
305224
305225
305226
305227
305228
305229
305230
305231
305232
305233
305234
305235
305236
305237
305238
305239
305240
305241
305242
305243
305244
305245
305246
305247
305248
305249
305250
305251
305252
305253
305254
305255
305256
305257
305258
305259
305260
305261
305262
305263
305264
305265
305266
305267
305268
305269
305270
305271
305272
305273
305274
305275
305276
305277
305278
305279
305280
305281
305282
305283
305284
305285
305286
305287
305288
305289
305290
305291
305292
305293
305294
305295
305296
305297
305298
305299
305300
305301
305302
305303
305304
305305
305306
305307
305308
305309
305310
305311
305312
305313
305314
305315
305316
305317
305318
305319
305320
305321
305322
305323
305324
305325
305326
305327
305328
305329
305330
305331
305332
305333
305334
305335
305336
305337
305338
305339
305340
305341
305342
305343
305344
305345
305346
305347
305348
305349
305350
305351
305352
305353
305354
305355
305356
305357
305358
305359
305360
305361
305362
305363
305364
305365
305366
305367
305368
305369
305370
305371
305372
305373
305374
305375
305376
305377
305378
305379
305380
305381
305382
305383
305384
305385
305386
305387
305388
305389
305390
305391
305392
305393
305394
305395
305396
305397
305398
305399
305400
305401
305402
305403
305404
305405
305406
305407
305408
305409
305410
305411
305412
305413
305414
305415
305416
305417
305418
305419
305420
305421
305422
305423
305424
305425
305426
305427
305428
305429
305430
305431
305432
305433
305434
305435
305436
305437
305438
305439
305440
305441
305442
305443
305444
305445
305446
305447
305448
305449
305450
305451
305452
305453
305454
305455
305456
305457
305458
305459
305460
305461
305462
305463
305464
305465
305466
305467
305468
305469
305470
305471
305472
305473
305474
305475
305476
305477
305478
305479
305480
305481
305482
305483
305484
305485
305486
305487
305488
305489
305490
305491
305492
305493
305494
305495
305496
305497
305498
305499
305500
305501
305502
305503
305504
305505
305506
305507
305508
305509
305510
305511
305512
305513
305514
305515
305516
305517
305518
305519
305520
305521
305522
305523
305524
305525
305526
305527
305528
305529
305530
305531
305532
305533
305534
305535
305536
305537
305538
305539
305540
305541
305542
305543
305544
305545
305546
305547
305548
305549
305550
305551
305552
305553
305554
305555
305556
305557
305558
305559
305560
305561
305562
305563
305564
305565
305566
305567
305568
305569
305570
305571
305572
305573
305574
305575
305576
305577
305578
305579
305580
305581
305582
305583
305584
305585
305586
305587
305588
305589
305590
305591
305592
305593
305594
305595
305596
305597
305598
305599
305600
305601
305602
305603
305604
305605
305606
305607
305608
305609
305610
305611
305612
305613
305614
305615
305616
305617
305618
305619
305620
305621
305622
305623
305624
305625
305626
305627
305628
305629
305630
305631
305632
305633
305634
305635
305636
305637
305638
305639
305640
305641
305642
305643
305644
305645
305646
305647
305648
305649
305650
305651
305652
305653
305654
305655
305656
305657
305658
305659
305660
305661
305662
305663
305664
305665
305666
305667
305668
305669
305670
305671
305672
305673
305674
305675
305676
305677
305678
305679
305680
305681
305682
305683
305684
305685
305686
305687
305688
305689
305690
305691
305692
305693
305694
305695
305696
305697
305698
305699
305700
305701
305702
305703
305704
305705
305706
305707
305708
305709
305710
305711
305712
305713
305714
305715
305716
305717
305718
305719
305720
305721
305722
305723
305724
305725
305726
305727
305728
305729
305730
305731
305732
305733
305734
305735
305736
305737
305738
305739
305740
305741
305742
305743
305744
305745
305746
305747
305748
305749
305750
305751
305752
305753
305754
305755
305756
305757
305758
305759
305760
305761
305762
305763
305764
305765
305766
305767
305768
305769
305770
305771
305772
305773
305774
305775
305776
305777
305778
305779
305780
305781
305782
305783
305784
305785
305786
305787
305788
305789
305790
305791
305792
305793
305794
305795
305796
305797
305798
305799
305800
305801
305802
305803
305804
305805
305806
305807
305808
305809
305810
305811
305812
305813
305814
305815
305816
305817
305818
305819
305820
305821
305822
305823
305824
305825
305826
305827
305828
305829
305830
305831
305832
305833
305834
305835
305836
305837
305838
305839
305840
305841
305842
305843
305844
305845
305846
305847
305848
305849
305850
305851
305852
305853
305854
305855
305856
305857
305858
305859
305860
305861
305862
305863
305864
305865
305866
305867
305868
305869
305870
305871
305872
305873
305874
305875
305876
305877
305878
305879
305880
305881
305882
305883
305884
305885
305886
305887
305888
305889
305890
305891
305892
305893
305894
305895
305896
305897
305898
305899
305900
305901
305902
305903
305904
305905
305906
305907
305908
305909
305910
305911
305912
305913
305914
305915
305916
305917
305918
305919
305920
305921
305922
305923
305924
305925
305926
305927
305928
305929
305930
305931
305932
305933
305934
305935
305936
305937
305938
305939
305940
305941
305942
305943
305944
305945
305946
305947
305948
305949
305950
305951
305952
305953
305954
305955
305956
305957
305958
305959
305960
305961
305962
305963
305964
305965
305966
305967
305968
305969
305970
305971
305972
305973
305974
305975
305976
305977
305978
305979
305980
305981
305982
305983
305984
305985
305986
305987
305988
305989
305990
305991
305992
305993
305994
305995
305996
305997
305998
305999
306000
306001
306002
306003
306004
306005
306006
306007
306008
306009
306010
306011
306012
306013
306014
306015
306016
306017
306018
306019
306020
306021
306022
306023
306024
306025
306026
306027
306028
306029
306030
306031
306032
306033
306034
306035
306036
306037
306038
306039
306040
306041
306042
306043
306044
306045
306046
306047
306048
306049
306050
306051
306052
306053
306054
306055
306056
306057
306058
306059
306060
306061
306062
306063
306064
306065
306066
306067
306068
306069
306070
306071
306072
306073
306074
306075
306076
306077
306078
306079
306080
306081
306082
306083
306084
306085
306086
306087
306088
306089
306090
306091
306092
306093
306094
306095
306096
306097
306098
306099
306100
306101
306102
306103
306104
306105
306106
306107
306108
306109
306110
306111
306112
306113
306114
306115
306116
306117
306118
306119
306120
306121
306122
306123
306124
306125
306126
306127
306128
306129
306130
306131
306132
306133
306134
306135
306136
306137
306138
306139
306140
306141
306142
306143
306144
306145
306146
306147
306148
306149
306150
306151
306152
306153
306154
306155
306156
306157
306158
306159
306160
306161
306162
306163
306164
306165
306166
306167
306168
306169
306170
306171
306172
306173
306174
306175
306176
306177
306178
306179
306180
306181
306182
306183
306184
306185
306186
306187
306188
306189
306190
306191
306192
306193
306194
306195
306196
306197
306198
306199
306200
306201
306202
306203
306204
306205
306206
306207
306208
306209
306210
306211
306212
306213
306214
306215
306216
306217
306218
306219
306220
306221
306222
306223
306224
306225
306226
306227
306228
306229
306230
306231
306232
306233
306234
306235
306236
306237
306238
306239
306240
306241
306242
306243
306244
306245
306246
306247
306248
306249
306250
306251
306252
306253
306254
306255
306256
306257
306258
306259
306260
306261
306262
306263
306264
306265
306266
306267
306268
306269
306270
306271
306272
306273
306274
306275
306276
306277
306278
306279
306280
306281
306282
306283
306284
306285
306286
306287
306288
306289
306290
306291
306292
306293
306294
306295
306296
306297
306298
306299
306300
306301
306302
306303
306304
306305
306306
306307
306308
306309
306310
306311
306312
306313
306314
306315
306316
306317
306318
306319
306320
306321
306322
306323
306324
306325
306326
306327
306328
306329
306330
306331
306332
306333
306334
306335
306336
306337
306338
306339
306340
306341
306342
306343
306344
306345
306346
306347
306348
306349
306350
306351
306352
306353
306354
306355
306356
306357
306358
306359
306360
306361
306362
306363
306364
306365
306366
306367
306368
306369
306370
306371
306372
306373
306374
306375
306376
306377
306378
306379
306380
306381
306382
306383
306384
306385
306386
306387
306388
306389
306390
306391
306392
306393
306394
306395
306396
306397
306398
306399
306400
306401
306402
306403
306404
306405
306406
306407
306408
306409
306410
306411
306412
306413
306414
306415
306416
306417
306418
306419
306420
306421
306422
306423
306424
306425
306426
306427
306428
306429
306430
306431
306432
306433
306434
306435
306436
306437
306438
306439
306440
306441
306442
306443
306444
306445
306446
306447
306448
306449
306450
306451
306452
306453
306454
306455
306456
306457
306458
306459
306460
306461
306462
306463
306464
306465
306466
306467
306468
306469
306470
306471
306472
306473
306474
306475
306476
306477
306478
306479
306480
306481
306482
306483
306484
306485
306486
306487
306488
306489
306490
306491
306492
306493
306494
306495
306496
306497
306498
306499
306500
306501
306502
306503
306504
306505
306506
306507
306508
306509
306510
306511
306512
306513
306514
306515
306516
306517
306518
306519
306520
306521
306522
306523
)


// ************************************************************************* //
